[[0.0, 2584.787, 1178.665, 1483.521, 2466.549, 3737.855, 5318.675], [2584.787, 0.0, 3763.025, 3361.34, 3366.374, 3171.866, 4903.439], [1178.665, 3763.025, 0.0, 1519.996, 2777.697, 4423.15, 5773.099], [1483.521, 3361.34, 1519.996, 0.0, 1260.633, 2994.678, 4254.713], [2466.549, 3366.374, 2777.697, 1260.633, 0.0, 1842.992, 2995.407], [3737.855, 3171.866, 4423.15, 2994.678, 1842.992, 0.0, 1766.048], [5318.675, 4903.439, 5773.099, 4254.713, 2995.407, 1766.048, 0.0]]